242932245
243070756
224817276
239063092
239566193
248208758
243763462
200034367
233784945
50240206
2736571
221995968
10122501
232424705
201976935
10380762
233822960
264355270
221486100
234331615
239056522
243764493
247482326
246283135
228376840
245445866
225304570
274650702
291048879
9682527
248512976
302589324
243786123
243767425
2388314
243694972
220181507
220688170
221619725
36084537
46959354
233530439
243778086
273376041
220690044
220808689
248848344
285099000
29651439
238318426
261626865
201976731
240224936
30951948
220604817
246928376
265669279
269337645
248516363
246788433
284935072
220108329
243772841
48377281
246740134
243726409
220689720
3600821
269132845
271196714
220825492
272849681
271050357
30876038
284555118
221618182
268542588
10155676
3994423
17644768
17720977
245080835
224273312
283921280
268844649
274445099
242325238
220270098
10273135
286109221
230876024
21652237
238624772
47732837
263155724
221330919
240158899
251755081
246730118
33703759
292798690
246418193
230630750
289999912
292020261
49550675
220117493
242453233
284818774
221497278
243665635
271512988
244525684
254204915
200105329
2515440
239064636
246899051
230873047
243524520
246157492
221331538
284386961
35657389
243767323
242638079
248590871
245358007
242530019
216792839
246773956
232329899
282788787
239537261
10247282
247575678
240256021
40899865
252131464
285079052
248580539
2814535
260579675
10426471
239041872
215446267
38366211
271076919
233821788
290109963
262210440
241342536
18445642
229057967
243781476
220181830
15720009
246320967
17534369
14518980
268622075
242353012
245847291
220689582
243673474
275619177
220688555
239666780
221364292
42297152
239062004
262333747
2542434
237105230
34066298
221619153
21863876
236025174
244431193
262214449
243782260
271039342
248617570
229678245
18771244
30876231
242448310
20969919
262399789
239557089
221620007
240147244
229078430
282404685
235890207
216792837
265665052
238874694
262247899
246906422
237106415
298267375
284080420
226595873
245549525
242508137
234375367
280687103
238626697
247607261
268636857
221669665
243771788
243753823
284286388
15777692
243777382
216792814
224817320
224839810
221620501
221491927
293143834
10471938
245578967
253889559
261872533
10146762
265681908
232478792
245069631
230675350
284676120
242529779
230675485
279704494
50335919
242609671
283243746
243768111
234150498
22143288
215624031
221619663
254859278
243530543
220198334
243782020
265429604
239052893
264920397
51164257
221617994
37597015
263194954
252387161
4354763
239066465
246669523
3345008
256821709
224927659
21304871
224817392
14004245
234863584
234790535
247728263
220690631
274885781
14740734
221396069
262036043
285744826
258968858
2801610
243450352
40847940
14632834
266959586
229091433
247931959
2660017
243673833
235147111
268305530
229091438
19135004
236466152
242408149
44442180
259601521
233407299
231311656
285520728
200111076
291681853
20884535
279178907
228642198
303157264
2996473
248742098
259208658
221330111
38360185
3477218
243763580
242480691
221146202
200110520
229578340
227445657
221997061
20399753
285007488
3527734
294823267
12968283
21316507
224583683
37529721
10087066
243786282
253006981
244462839
279891413
216792902
234362710
18420638
265726494
280905715
10510727
224043320
243753733
41781562
3885218
216792696
234806928
216792893
238698013
4722520
12099148
246892982
248605210
301963806
3046245
234778582
221996769
234570089
268645196
285633422
221620391
245588812
17493939
221368799
242416253
281053130
247446791
3602581
30875591
244498683
238624608
220262027
266516415
255730596
239038260
10211364
246157205
41229141
292744761
48377468
22613197
10526655
221618146
238300712
245223135
244955517
263917978
248514334
221618807
236736826
239665945
234511250
2439558
30870480
17169531
243769592
38364549
2883217
237132575
242361757
8755323
269016146
284690049
49302262
288033338
216792770
246236785
248342169
246029557
234825071
284340184
220181313
240252888
290868789
208033762
243683010
238718393
284693019
8315506
285127877
235262728
248505857
2456499
3046958
239063424
284118907
239595717
221677949
257200104
220502703
9769797
236736807
246785286
220695706
257259241
245837973
221590951
239719555
276268823
260869557
243767534
2705313
275270590
240234423
200111054
242536162
242609062
239841846
291154059
241483589
303517647
232243108
27400405
243518696
17555961
18201381
239664249
10069985
22335196
37593083
243753486
200705602
17123343
17049293
246355465
268621701
13984696
240019315
285828395
216792848
221823072
291869517
30873082
251422565
230837859
237130037
266142528
243553632
292793744
266706251
44728698
262360039
220688491
34122005
221658439
46953913
216300930
17776009
242931762
18962042
242931063
17644235
265563477
243655618
9572436
241247637
297853673
246664294
239666609
224043538
248746938
281000666
10003184
268675184
230725468
239062121
226761120
242454081
243665386
274451446
238284630
245657637
270819520
13232009
17527160
10433116
221037387
221620380
277283457
243743707
240310918
16417282
31696277
2821917
2987222
220779155
231208552
232638035
287656001
281000669
279618243
303343096
247351699
247848521
248744004
247346297
215458582
234779416
234486055
243674009
200101862
239329253
238691615
237132235
246730504
243781144
216300608
230725447
232310181
9368038
221153361
3725873
243786573
291253073
242466248
238680380
267186244
269017340
230675323
221330551
242529694
220049390
19724948
246378537
234785984
48317136
220503072
242396627
243774300
216792901
200524424
277496495
243667034
23120960
2864046
285143026
262247090
4008008
248403765
270456764
284578281
44395030
221619122
235083531
238699723
240454608
244957885
220812171
245938900
200688639
246390779
262172014
243739482
221619988
220617902
220690339
247032952
243772019
248079943
278630408
266005786
221619295
288016566
216722120
222357449
200101669
242476925
239065404
283617574
14912230
14107138
281496262
220689254
239021259
200105121
235410141
250906517
220689170
279938954
250903560
266421276
47595381
243701488
243644550
285278428
230584147
247878416
265667603
239060384
246907039
9636141
230837921
23885861
292756964
220270209
242409364
228083911
243742659
2984337
243769267
221997039
288879702
234491537
292772082
3939783
242070513
284046320
235055346
240370813
277460483
239719579
243479871
222018937
221617979
10390317
243764330
243671392
16497078
221932975
281094559
283477585
216305240
278651717
226969211
216792890
279237146
221996178
284080622
264423290
292036658
268733176
234790861
15540168
248362647
2985293
243781026
248595886
272586682
248017635
272712732
9995838
224386440
251127220
200459221
246782707
246979225
3580623
240479192
15304226
265480706
17166300
215733447
220688812
245473224
23903519
221052021
229913006
264967033
247709323
248516115
247641695
220535983
243767200
38368280
262318689
245223397
255563851
23328802
243767298
239328930
243614400
225092315
15103818
2661105
3854196
278175933
234217927
15505945
284653608
221497290
245780530
234388249
245096743
3338698
22901151
12717247
221364927
241647758
200622065
18278523
288869337
200033835
247322562
200132407
27290896
200110621
201976347
243766097
37597332
291777069
221618315
235890211
238625197
271485454
242400207
266360773
224881800
239566278
3081159
238308583
227445437
220049445
239006410
275625404
285168420
284932533
235113435
265819108
215721550
216792756
18966050
245773359
243772176
258917097
8758395
2597139
38365974
235789476
17269139
245677040
239666433
220353720
285739773
235888726
216300613
16996755
6104750
238757948
246879825
228057735
3477124
220422500
246157471
18505487
274668395
234567536
22229515
240934946
277291080
228007443
223130367
220574503
301222514
285633203
225035608
243702867
236157550
50335996
290256547
257291732
242398782
239020631
238982826
232650116
228834755
220837571
281981556
32013011
220695808
274594009
261584732
216722097
288257936
239060566
242592369
3032582
22758615
279010983
248687819
302932467
245772853
22333081
246640032
260961942
236736843
239041167
261845348
237127809
223118193
239490074
200105001
244804053
234754445
262403363
234302356
234251861
10234921
234347277
224513847
262246970
2677841
225102548
248599247
288961008
237129107
220690835
37434693
16520993
2819433
44530451
294343027
234377215
243673478
17473590
291834098
284761081
224739062
15555731
260516388
221620421
2480570
259257224
267077002
284895176
245111207
230875957
221361284
226967914
242609610
248829422
216792842
242503764
248049081
230872707
21932645
245071851
244443064
234818064
238165445
301662369
19017494
2425682
239985578
265681627
220117563
271487609
232455523
245993331
239660296
216545901
23119935
224877317
220612508
6003772
242481077
252068713
286632024
284059959
50334697
221618492
234993858
3027019
288862706
38365746
247940367
238684297
3817463
230675507
3215869
221114138
16423663
274933629
243651473
247446031
221345037
273375924
221678023
3115740
260869571
22496338
243753719
284108168
224661609
239066459
221619083
220809782
247575367
242378291
237128984
221618109
245576413
243673341
284743006
265292461
284841327
236121217
243766480
200524257
221311314
238130268
244521691
248740955
233822959
220183102
268627155
9399519
221618891
243777021
31643034
35937149
247262454
220861630
277297445
291838874
280816112
227445032
279351140
243757113
247748318
238671312
244448143
284497199
224982284
230842138
247442902
235092401
221619348
236736845
243693651
277672019
253137763
254850570
252557249
239666045
19752558
18763184
200031796
268994742
19015692
234965585
244955829
242360121
9984803
242411110
8820079
296736613
243782409
253555073
21723575
303167148
265292705
266476598
235764501
239334821
221619205
18003569
247653140
231308807
234826183
22328393
245374232
2510906
279396794
246812647
216792819
270819588
220265866
44507597
220420601
242400268
237107042
220688406
16917523
215659249
16669013
239348144
2488897
234827192
243075889
44367688
245123229
220683383
236736850
272315437
216877580
37597682
221345775
220610902
234014465
243708220
243753659
243773325
22337459
38363800
275807826
275615370
224043757
220420237
242554268
221619836
35414906
262156554
244439822
265714061
262324693
215458920
243477074
253766770
253346196
18170482
221490143
265953745
9322876
242463593
234830992
285313393
216792834
292136499
224738065
248038603
44487010
280940018
242930238
234799901
216792875
12773049
243648203
232528867
3545284
247346256
37597317
221619098
221618281
16134928
24153445
220450484
290987433
18213195
242499453
243762750
234787715
237128081
241021361
266242859
2985214
243778332
242382876
3886507
273102086
240320812
221618688
239443403
243769067
216792858
221331719
284268388
19979961
233813483
229101046
3507633
247283143
229100480
238799612
243767009
221932998
221481467
18185807
242381230
242451189
46953085
293369662
242595078
248010546
220246821
4771522
241706466
247010534
243765011
285599593
12587432
285035587
243506443
252308062
2330775
221618971
2792509
228057919
220694020
246935453
30870312
221618076
215721349
220270077
221112120
2413249
240085424
240126023
240205403
38365741
16915818
242701168
221725058
37601912
243651904
243766845
24277791
233971644
237104492
34108791
267128688
44723499
216842326
289652931
3489001
243670269
209803720
221619899
18088294
252361700
235361607
238183453
253522115
3548913
230876180
247603081
243777755
234795502
284573451
268320476
243672900
224839945
268753582
37406178
281381210
246735299
238740116
245805381
291866532
227443572
256156461
242509302
239545540
248713565
17532755
2425940
37407203
232203667
243746046
9301289
18564736
220688226
242555956
50333416
270534505
248614400
244451069
246265410
243748854
3906185
238229927
285940844
243764933
262366788
265439255
235410288
20130073
284476810
242370194
1954975
220693676
279834800
242875150
224590593
243776068
221481454
248446888
242549520
265919274
248335899
37599852
244433897
249337227
247563702
240060589
266691712
284745381
243082119
3551667
232586719
52012631
17453896
230876435
201841001
266243511
221330993
3587522
49940366
239059557
293222760
246668416
243775416
262328324
51993442
271134111
222738212
234136437
246096970
10456701
247379412
260180118
2529992
14223145
247354952
221619635
286594438
2441466
242922756
235888837
242380015
264946037
246262219
239666204
215721564
286727997
298489619
230872943
228057717
243697670
200033861
23553793
16533665
285105639
265549298
246906328
241852751
2719277
247131600
292215395
271076887
37705096
2595572
220479707
282108282
30867766
2263345
237133057
34415986
221079833
16433002
246297527
4178410
292025923
281414646
243785227
243780810
292822398
216792829
239578933
13516243
245468707
23983394
10023234
282707871
215439362
38365401
227389311
49252417
220694713
262322838
260895050
223817100
200524258
236736838
265748773
283996296
224982370
234828015
303137904
226531529
239059322
242385028
246981291
232417161
19490968
221996875
238198690
232618081
220695992
3007366
236389661
235216716
248617500
303517502
15487150
37432694
260869480
227445857
284620429
268646267
243777037
268197217
221491038
239041104
221619067
230922869
221368711
2754694
220610668
285063386
2626140
243765083
221619169
285807129
293777177
16012537
29522390
260869621
19021146
284683101
284041009
17128678
243765290
37446251
3657483
274156928
234785813
284081056
258897923
236736810
20613318
243704991
243772261
2681522
284212949
47612715
215385384
243572958
22101751
291488628
224531372
38366364
10214103
2297311
239657262
23888246
285058764
248196785
232438156
22328391
243785460
17079967
200031682
266516301
238355667
262333164
224285715
284257785
239537334
238259952
20139203
230876151
2563268
3580133
230584146
224599780
221618634
243538309
239591313
251129521
19794681
243742616
226464504
222055717
245570079
17712343
229058177
14845019
41001362
37992161
247624743
252608196
242443041
242529553
237900559
240137819
2440137
10193000
21173195
243785767
230875859
243783220
4914962
284678763
16428404
288938227
247844132
202924084
10238975
222985577
247540601
235172182
227445844
36134355
234492941
28762647
200806382
285488268
242378024
220171498
224745668
37414159
243770723
284701149
286215327
220320442
263915118
221619966
245343237
242562037
3495875
239029910
221115079
261001961
5707421
224927575
246485164
238257927
238703662
243752813
18880223
4975926
35900282
245069626
235988537
220813439
19011850
255180131
267473326
263242173
22730027
296386026
284981897
280687718
221346230
16869466
280861463
247982137
247977309
220812273
33952263
221304178
21497865
220502854
38363120
243763759
266846027
243645541
266522312
247053868
231913175
235105077
270019977
240501208
239571798
263906240
238675693
247936609
220814857
242604884
248072809
242324877
239283405
245588333
224839716
239062930
277708230
248856725
252809019
246418967
232546037
216792892
243729901
230837862
2746270
2784323
239565662
240255679
255111240
284060752
286342413
246419869
246145997
216301244
234555483
247669113
234014466
216768529
10533387
221620204
284552963
227443569
238379098
221900823
22498631
43514524
243697769
282393753
259864416
220530590
252743783
268024151
200044190
30872700
261625017
220612580
4040764
231299024
239062882
4682473
2484683
215990895
260236054
286682622
257650162
239064596
232128397
230695327
239551987
244958264
238673544
235157749
221995881
5294821
15149037
271513141
2999125
247355083
9924579
262218460
230212709
284080613
224582868
46968344
244456594
247584716
270460210
238378382
235113575
285605465
247866270
22337458
242358078
238321109
248850770
266943714
220779366
21125199
215721882
262026976
236445610
3758615
23119944
247642467
243574846
220694402
2961742
224969512
238980679
215659315
237127783
224661412
262359008
221497604
231322212
20277722
3047200
246971837
11856863
246356384
235186524
35440741
239588988
239056922
234817037
243773530
243696077
37849273
44473500
3948108
200111340
23814194
243632253
240415704
9789599
38003627
248512106
248540518
275341215
241247510
13451188
4022977
242356870
6046324
200028285
19017457
18476300
284126088
37597248
272984572
242371986
220424153
262393549
44486575
7272303
239058053
19773249
239067012
244525907
19017979
220556690
10426470
20085542
2803604
10340056
221618630
220181601
260584349
221620135
245941733
232502617
220049264
3489271
20125837
200034374
216792831
243774118
253395684
262406420
285843583
238122332
235102752
10037486
264961241
242930847
239020516
245380052
216792817
232475110
267474584
242444923
22041941
242613062
247775538
225449433
9644161
221490947
9980775
284098550
36284120
215458989
27231909
31996489
243632993
243771527
224982379
232563903
230675266
246654711
247866039
221497652
10493057
12323239
231045413
242591539
15359855
243782264
233967787
224105280
242385525
18034098
243781758
242801552
228108149
243767399
262215883
303517601
17123344
201841038
243689785
224510613
247399522
243769650
33977985
2557500
239029772
279636530
38364607
243716653
242499241
44366367
37890793
254697289
233820301
247583580
246664349
14851925
21466113
240205889
240320510
236322586
234771377
248403212
247847810
29518337
220045412
28175680
242706958
17064827
200110749
267436109
241247816
242396851
243773023
245701694
242530350
266002435
265360523
20293061
242367317
234807431
239449098
269631527
224069506
223078573
224817318
2996804
232523716
244426187
242609314
288905811
235326701
258967667
220692721
274817281
283559921
284412869
23578312
2517122
9761335
42635916
41387153
243769006
221573733
283360188
243686365
248074063
220815890
234791481
30951949
261288744
243774340
10155675
257962262
262173319
40895513
273718772
246884717
236157558
221331776
247603018
241706460
220612528
35555084
260869561
245139131
265455276
233784966
10027063
220264019
243764490
221619622
9099401
284035345
3081432
208033632
239582331
229101040
215646641
273718773
248805740
242637803
277551136
22932630
22337454
236553784
248035416
221304230
287724526
275057952
243677838
10468059
270094264
220809783
247933177
248820474
2284378
216300596
292393745
242505862
280980486
243750735
283996949
265505400
292759136
292798069
246929280
2455566
302985131
246710232
44854048
239040152
266847323
20434700
262854651
249651516
220691539
247787119
235115964
6087429
234786663
224582891
243777573
307462353
236344194
23119936
230673651
266003013
22900793
221617880
237935759
3725640
285380119
220694854
234356012
285599320
10375402
268652412
238651573
224615252
243471999
231926648
247393544
243673769
268833863
274109749
249650608
220530622
244438488
245577667
220181585
243659117
2388348
248390280
216792835
2465143
285375485
243782779
10159081
226090231
240177294
270364306
22160719
239006517
216792884
41482625
247608673
200026748
268826072
243773205
220604215
2588638
222824054
243614989
239657997
271019322
303105551
4935433
291845676
284841380
247672815
220017568
263269643
272159781
243467875
234806338
243454528
244423589
2431600
236025171
228058014
245587943
37406148
34341843
235361604
284291824
22010858
28175970
224817412
243765705
235008656
37602086
231099359
234857555
234806669
270244440
247607043
2832228
228083850
245601531
3192705
236902389
262273555
285967822
263865120
282444750
34115788
216792712
18573421
284040965
246485692
225727016
37597246
237127820
9152916
225232277
15674815
237044580
221678375
215992186
221619728
245586608
5068350
284676130
15142553
221704741
290109971
244958310
220694659
216792889
240474728
234379041
234953171
243772916
220045421
221606872
244947191
265636481
15930354
3948216
240053444
234788588
234239779
10471995
231503036
239539593
10471936
236736791
230675498
3141080
234795455
235114871
16096798
243087453
228057856
22944293
228057764
8293643
50335718
242548104
224583074
239594484
242636505
221669734
220600626
239443282
278663302
247089825
239063872
216792871
216792863
239665498
216792783
247597894
220177007
49552016
268974723
215721540
239017911
243704103
37596647
238720161
278452397
22707414
291153727
268553359
2337329
221292070
265548703
215645113
279233597
243750575
242623797
285090956
22337457
243782382
238720169
220688577
220814569
215721997
239066545
262637542
242565137
220546770
34491247
247447584
243773059
44427185
262163115
271760440
242358785
248756976
243496563
220691569
220689591
243657277
242355132
18690571
249333642
228057875
233784963
238194427
239546749
12823901
2376322
253985266
234461398
282260583
235303448
18009115
30513200
19783206
9631998
243772539
230876248
242376908
269535800
281155929
229124356
262143858
243659305
269850349
220983319
247053739
242574153
246987684
216301243
232585117
270956418
14121105
10529558
221619374
221619986
280901401
284048721
232853962
234780264
244446198
243698189
221617693
2403540
285364218
267162080
220279632
245564812
18464920
242613831
2628770
282105771
262208789
244958772
230595762
6098712
270091018
3573644
246988069
221618184
237109635
238758062
230873440
246668058
291179102
243654497
247618392
285330650
235194939
224568919
220359874
233822065
239537523
224839846
246447751
243631841
245683212
224001120
239063234
264960569
236736856
37696753
232431503
248174111
243638484
221620408
200806277
10074548
3551522
216721999
20050113
33896376
243770232
238317828
264585683
242430108
236018242
270283023
27272987
238748609
283995436
3666115
235290965
236519005
42270654
235949941
221480123
14680812
220246319
245437069
221620551
242584270
221997108
245896396
221329651
2985950
286210298
292755390
221724979
243764815
220214463
224738459
16485203
269505082
